1 0.322276 0.256935 0.039635 0.090655
1 0.181927 0.653304 0.029435 0.079107
1 0.198040 0.514018 0.050565 0.080774
1 0.337409 0.624464 0.031296 0.067619
1 0.315332 0.664851 0.031262 0.075774
1 0.358555 0.411875 0.038638 0.090655
1 0.336030 0.465387 0.034053 0.069226
1 0.351246 0.538750 0.046080 0.060952
1 0.271229 0.322024 0.049767 0.059286
1 0.593605 0.500030 0.061628 0.115417
1 0.553140 0.665655 0.050598 0.093929
1 0.589934 0.834583 0.065316 0.095595
1 0.584867 0.707708 0.042292 0.108750
1 0.654336 0.695238 0.048804 0.080952
1 0.619867 0.612083 0.047907 0.095595
