0 0.194204 0.394656 0.060875 0.116812
0 0.298196 0.198794 0.071325 0.112538
0 0.330987 0.634269 0.069225 0.110438
0 0.334225 0.405994 0.069333 0.085712
0 0.381475 0.522188 0.071533 0.117025
0 0.471579 0.438956 0.078125 0.128562
0 0.497400 0.580700 0.066033 0.118675
0 0.028967 0.106850 0.057933 0.087350
0 0.606179 0.689488 0.072625 0.138450
0 0.563325 0.857594 0.074833 0.128563
0 0.593013 0.973313 0.079192 0.053375
0 0.899075 0.168669 0.100017 0.151663
0 0.915546 0.574931 0.119775 0.169763
0 0.807258 0.851831 0.074833 0.130212
0 0.650737 0.956819 0.049442 0.086363
