1 0.480504 0.569349 0.047805 0.085700
1 0.807801 0.243831 0.049648 0.090658
1 0.643234 0.192731 0.047813 0.084062
1 0.500730 0.285035 0.044133 0.074160
1 0.514520 0.366618 0.029414 0.052731
1 0.525555 0.479517 0.034938 0.054384
1 0.598641 0.373214 0.034016 0.065924
1 0.570602 0.453144 0.044125 0.067577
1 0.586691 0.763004 0.041367 0.087353
1 0.674492 0.671534 0.034938 0.092311
1 0.742984 0.346835 0.035859 0.092297
1 0.748961 0.162241 0.051484 0.079104
1 0.723680 0.226527 0.032172 0.082409
1 0.784820 0.565224 0.040453 0.103838
1 0.728734 0.535560 0.033094 0.074174
1 0.579336 0.553683 0.035859 0.070868
1 0.676789 0.500945 0.035859 0.067577
1 0.765973 0.656702 0.037695 0.075812
1 0.710348 0.674832 0.042289 0.069216
1 0.759996 0.813277 0.044133 0.075826
1 0.667598 0.351786 0.041367 0.056036
1 0.624387 0.577584 0.030336 0.049454
1 0.648293 0.477871 0.032180 0.074174
1 0.612434 0.465504 0.034023 0.062633
