0 0.376073 0.585383 0.096509 0.209344
0 0.486291 0.292842 0.112945 0.168087
1 0.076636 0.324973 0.109709 0.136831
1 0.046545 0.584563 0.093091 0.161475
1 0.152855 0.547486 0.143673 0.117049
1 0.083218 0.888661 0.131600 0.166503
1 0.253764 0.859918 0.128327 0.164645
1 0.657927 0.617541 0.107491 0.184590
1 0.790636 0.290355 0.129418 0.136776
1 0.271309 0.210437 0.121745 0.138470
1 0.162727 0.288716 0.080073 0.150000
1 0.716618 0.468361 0.145891 0.159891
1 0.918436 0.620820 0.123927 0.145027
1 0.521927 0.854044 0.138182 0.196175
1 0.371673 0.113169 0.083345 0.158251
1 0.583909 0.273880 0.086655 0.140109
3 0.158345 0.304372 0.064691 0.092350
3 0.915145 0.632350 0.075673 0.085683
3 0.667800 0.603525 0.059236 0.136776
3 0.781873 0.763388 0.043891 0.054426
